((("Mode" .
   [1 0 0 0])
  ("highlight-changes-mode" .
   [1 0 0 0 0 0 0 0 0 0 0 0 0 0 0 0 0 0 0 0 0 0])
  ("ido-toggle-case" .
   [1 0 0 0 0 0 0 0 0 0 0 0 0 1 0])
  ("somename" .
   [1 0 0 0 0 0 0 0])
  ("test2" .
   [1 0 0 0 0])
  ("new" .
   [1 0 0])
  ("funciton" .
   [1 0 0 0 0 0 0 0])
  ("test" .
   [2 0 0 0])
  ("console.log()" .
   [0 0 0 1 1 0 0 0 0 0 0 0 0])
  ("sleep" .
   [1 0 0 0 0])
  ("nil" .
   [1 0 0])
  ("var_dump" .
   [0 0 0 0 0 1 0 0])
  ("class" .
   [1 0 0 0 0])
  ("jQuery" .
   [1 0 0 0 0 0])
  ("has" .
   [1 0 0])
  ("servers" .
   [1 0 0 0 0 0 0])
  ("Proxy" .
   [1 0 0 0 0])
  ("multiple_check" .
   [0 0 0 3 0 0 0 0 0 0 0 0 0 0])
  ("$num" .
   [0 0 0 6])
  ("range" .
   [0 0 1 0 0])
  ("$range_to_100" .
   [0 0 0 0 1 0 0 0 0 0 0 0 0])
  ("----------------------------" .
   [0 0 0 0 0 0 0 0 0 0 0 0 0 0 0 0 0 0 0 0 0 0 0 0 0 0 1 0])
  ("Latex" .
   [0 0 2 0 0])
  ("code-block::" .
   [0 0 0 0 2 0 0 0 0 0 0 0])
  (".." .
   [2 0])
  ("Preamble" .
   [0 0 0 0 1 1 0 0])
  ("-------------------------" .
   [1 0 0 0 0 0 0 0 0 0 0 0 0 0 0 0 0 0 0 0 0 0 0 0 0])
  ("item_amount" .
   [0 0 0 1 0 0 0 0 0 0 0])
  ("$amount_after_tax" .
   [1 0 0 1 1 0 0 0 0 0 0 0 0 1 0 0 0])
  ("$amount_owed" .
   [0 0 1 1 2 2 0 0 0 0 0 0])
  ("$item_amount" .
   [0 0 0 0 1 1 0 0 0 0 0 0])
  ("$license" .
   [0 0 0 0 0 2 0 0])
  ("license" .
   [0 0 0 0 1 0 0])
  ("$editions_license_prices" .
   [0 0 0 1 0 0 0 0 0 0 0 0 0 0 0 0 0 0 0 0 0 0 0 0])
  ("$_POST" .
   [0 0 1 3 0 0])
  ("$edition" .
   [1 0 0 2 2 0 0 0])
  ("include" .
   [0 0 0 1 1 1 0])
  ("$cols" .
   [0 0 0 1 0])
  ("addRow" .
   [1 0 0 0 0 0])
  ("null" .
   [0 0 1 1])
  ("addCell" .
   [0 0 0 0 1 1 0])
  ("$tbl" .
   [0 0 0 1])
  ("$PRODUCTS" .
   [0 0 3 1 0 0 0 0 0])
  ("$multiples" .
   [0 0 0 1 0 0 0 0 0 0])
  ("$question" .
   [1 0 0 0 0 0 0 0 0])
  ("elseif" .
   [0 0 4 0 0 0])
  ("images" .
   [1 0 0 0 0 0])
  ("114" .
   [2 0 0])
  ("170" .
   [3 0 0])
  ("following" .
   [1 0 0 0 0 0 0 0 0])
  ("disambiguation" .
   [1 0 0 0 0 0 0 0 0 0 0 0 0 0])
  ("input" .
   [0 0 0 0 1])
  ("Assistant" .
   [0 0 0 0 0 1 0 0 0])
  ("Reading" .
   [1 0 0 0 0 0 0])
  ("jNlp" .
   [1 0 0 0])
  ("using" .
   [3 0 0 0 0])
  ("Web-View" .
   [2 0 0 0 0 0 0 0])
  ("GREE" .
   [1 0 0 0])
  ("strip" .
   [1 0 0 0 0])
  ("continue" .
   [0 0 0 0 0 1 0 0])
  ("html_raw" .
   [0 0 0 1 0 0 0 0])
  ("line" .
   [8 0 0 0])
  ("raw" .
   [1 0 0])
  ("open" .
   [2 0 0 0])
  ("read" .
   [3 0 0 0])
  ("urllib" .
   [0 0 0 1 0 0])
  ("$This" .
   [1 0 0 0 0])
  ("Peter" .
   [1 0 0 0 0])
  ("$ages" .
   [1 0 0 0 0])
  ("password" .
   [0 0 0 0 0 0 1 0])
  ("echo" .
   [21 0 12 7])
  ("username" .
   [1 0 0 0 0 0 0 0])
  ("$row" .
   [2 0 0 0])
  ("else" .
   [3 0 0 0])
  ("$numrows" .
   [0 0 0 0 1 0 0 0])
  ("$query" .
   [2 0 0 0 0 0])
  ("$username" .
   [0 0 0 0 0 1 0 0 0])
  ("connect" .
   [1 0 0 0 0 0 0])
  ("Couldn" .
   [1 0 0 0 0 0])
  ("die" .
   [3 0 0])
  ("$password" .
   [0 0 0 0 1 0 0 0 0])
  ("contacts" .
   [1 0 0 0 0 0 0 0])
  ("No." .
   [2 0 0])
  ("Number" .
   [1 0 0 0 0 0])
  ("Phone" .
   [2 0 0 0 0])
  ("Hospital" .
   [1 0 0 0 0 0 0 0])
  ("Enter" .
   [1 0 0 0 0])
  ("Police" .
   [4 0 0 0 0 0])
  ("your" .
   [1 0 0 0])
  ("will" .
   [2 0 0 0])
  ("--------------" .
   [1 0 0 0 0 0 0 0 1 0 0 0 0 0])
  ("error" .
   [2 0 0 0 0])
  ("import" .
   [9 0 2 0 0 0])
  ("Button" .
   [1 0 0 0 0 0])
  ("Answer" .
   [1 0 0 0 0 0])
  ("image" .
   [1 0 0 0 0])
  ("Images" .
   [1 0 0 0 0 0])
  ("can" .
   [1 0 0])
  ("the" .
   [16 0 0])
  ("Before" .
   [3 0 0 0 0 0])
  ("September" .
   [0 0 0 0 0 0 2 0 0])
  ("art" .
   [2 0 0])
  ("work" .
   [2 0 0 0])
  ("not" .
   [3 0 0])
  ("and" .
   [6 0 0])
  ("its" .
   [1 0 0])
  ("later" .
   [1 0 0 0 0])
  ("stage" .
   [1 0 0 0 0])
  ("code" .
   [1 0 0 0])
  ("app" .
   [4 0 0])
  ("should" .
   [3 0 0 0 0 0])
  ("elegant" .
   [0 0 0 1 0 0 0])
  ("choose" .
   [1 0 0 0 0 0])
  ("UIViewAnimations" .
   [0 0 0 2 0 0 1 0 0 0 0 0 0 0 0 0])
  ("Move" .
   [1 0 0 0])
  ("etree" .
   [1 0 0 0 0])
  ("for" .
   [12 0 0])
  ("in" .
   [15 0])
  ("tree" .
   [5 0 0 0])
  ("print" .
   [44 0 1 2 0])
  ("dic" .
   [1 0 0])
  ("dir" .
   [2 0 0])
  ("out" .
   [5 0 0])
  ("tag" .
   [2 0 0])
  ("text" .
   [1 0 0 0])
  ("if" .
   [15 0])
  ("len" .
   [3 0 0])
  ("Location" .
   [2 0 0 0 0 0 0 0])
  ("Contact" .
   [1 0 0 0 0 0 0])
  ("Emergency" .
   [1 0 0 0 0 0 0 0 1])
  ("SMS" .
   [1 0 0])
  ("Numbers" .
   [4 0 0 0 0 0 2])
  ("Choose" .
   [1 0 0 0 0 0])
  ("Your" .
   [2 0 0 0])
  ("Country" .
   [1 0 0 0 0 0 0])
  ("Sound" .
   [3 0 0 0 0])
  ("Torch" .
   [3 0 0 1 0])
  ("Facebook" .
   [0 0 0 0 1 1 0 0])
  ("Twitter" .
   [1 0 0 0 0 0 0])
  ("This" .
   [3 0 0 0])
  ("Set" .
   [2 0 0])
  ("Done" .
   [1 0 0 0])
  ("Call" .
   [1 0 0 0])
  ("Reset" .
   [1 0 0 0 0])
  ("asdasd" .
   [1 0 0 2 0 0])
  ("Son" .
   [2 0 0])
  ("Torche" .
   [1 0 0 0 0 0])
  ("$fname" .
   [1 0 0 0 0 0])
  ("string" .
   [3 0 0 0 0 0])
  ("is" .
   [3 0])
  ("$array" .
   [2 0 0 0 1 0])
  ("$arr" .
   [1 0 0 0])
  ("$key" .
   [3 0 1 2])
  ("$value" .
   [2 0 0 4 1 0])
  ("String" .
   [1 0 0 0 0 0])
  ("replace" .
   [2 0 0 0 0 0 0])
  ("public" .
   [2 0 0 0 0 0])
  ("html" .
   [7 0 0 0])
  ("parser" .
   [4 0 0 2 0 2])
  ("attrs" .
   [1 0 1 1 0])
  ("def" .
   [2 0 0])
  ("self" .
   [6 0 5 0])
  ("count_freq" .
   [0 0 0 3 1 1 0 0 0 0])
  ("HTMLParser" .
   [0 0 0 0 5 0 0 0 0 0])
  ("feed" .
   [1 0 0 0])
  ("handle_starttag" .
   [1 0 0 1 0 0 0 0 0 0 0 0 0 0 0])
  ("pass" .
   [1 0 0 0])
  ("__init__" .
   [0 0 1 0 0 0 0 0])
  ("return" .
   [1 0 1 3 0 0])
  ("count_href" .
   [1 0 0 0 0 0 0 0 0 2])
  ("tup" .
   [2 0 0])
  ("tokens" .
   [1 0 0 0 0 0])
  ("install" .
   [1 0 0 0 0 0 0])
  ("-------------" .
   [0 0 0 0 0 0 0 0 0 0 0 0 2])
  ("Sentiment" .
   [0 0 0 0 0 0 0 0 1])
  ("br" .
   [1 0])
  ("iPhone" .
   [2 0 0 0 0 0])
  ("App" .
   [1 0 0])
  ("Output" .
   [0 0 0 1 0 0])
  ("Can" .
   [1 0 0])
  ("php" .
   [2 0 0])
  ("while" .
   [1 0 0 0 0])
  ("$final" .
   [3 0 0 0 2 0])
  ("1000" .
   [4 0 0 0])
  ("1" .
   [1])
  ("function" .
   [11 0 0 1 0 1 1 0])
  ("Fabbonacci" .
   [0 0 1 1 0 0 0 0 0 0])
  ("array" .
   [3 0 0 0 3])
  ("$series" .
   [1 0 0 1 1 0 0])
  ("fabonacci_of_size" .
   [0 0 1 0 0 0 0 0 0 0 0 0 0 0 0 0 0])
  ("foreach" .
   [0 0 1 1 1 2 0])
  ("$fabo_series" .
   [0 0 0 0 0 1 0 0 0 0 0 0])
  ("as" .
   [5 0])
  ("$fab_num" .
   [2 0 0 1 0 0 0 0])
  ("empty" .
   [0 0 0 1 0])
  ("break" .
   [1 0 0 0 0])
  ("require" .
   [2 0 0 2 0 0 0])
  ("name" .
   [5 0 0 0])
  ("/home/" .
   [0 0 1 2 0 0])
  ("console" .
   [1 0 0 1 3 0 0])
  ("log" .
   [2 0 3])
  ("func" .
   [5 0 0 0])
  ("callback" .
   [1 0 0 0 2 0 0 0])
  ("var_d" .
   [0 0 0 0 1])
  ("consider" .
   [0 0 0 1 0 0 0 0])
  ("Document" .
   [0 0 0 1 0 0 0 0])
  ("document" .
   [0 0 0 1 0 0 0 0])
  ("etags" .
   [0 0 0 1 0])
  ("etags-update" .
   [0 0 0 0 0 0 1 0 0 0 0 0])
  ("another" .
   [1 0 0 0 0 0 0])
  ("anotherone" .
   [1 0 0 0 0 0 0 0 0 0])
  ("test3" .
   [1 0 0 0 0])
  ("test4" .
   [1 0 0 0 0])
  ("get" .
   [1 0 0])
  ("is_array" .
   [0 0 0 0 1 0 0 0])
  ("mc/mark-all-in-region" .
   [1 0 0 0 0 0 0 0 0 0 0 0 0 0 0 0 0 0 0 0 0])
  ("mc/mark-all-words-like-this" .
   [0 0 0 0 0 0 0 0 0 0 0 0 0 1 0 0 0 0 0 0 0 0 0 0 0 0 0])
  ("phpinfo" .
   [0 0 0 1 0 0 0])
  ("ifx_do" .
   [0 0 2 0 0 0])))
